augustus_masked-NW_015504334.1-processed-gene-0.10-mRNA-1	0	0	0	0	0	0	0	0	0	0	0	0	0	0	0	0	0	0
augustus_masked-NW_015504334.1-processed-gene-0.13-mRNA-1	14	6	44	14	14	22	16	17	24	6	7	10	7	22	11	12	32	20
augustus_masked-NW_015504334.1-processed-gene-0.14-mRNA-1	123	99	168	136	127	164	160	317	126	128	148	121	247	199	211	154	177	95
augustus_masked-NW_015504334.1-processed-gene-10.54-mRNA-1	652	607	847	954	487	1006	629	1792	734	681	857	1030	637	1272	963	918	797	975
augustus_masked-NW_015504334.1-processed-gene-11.47-mRNA-1	8	1	6	5	2	26	5	16	13	6	0	4	0	11	0	20	7	10
augustus_masked-NW_015504334.1-processed-gene-11.48-mRNA-1	0	0	0	6	0	0	0	7	0	0	0	0	0	4	4	0	0	0
augustus_masked-NW_015504334.1-processed-gene-11.49-mRNA-1	0	0	0	0	0	0	0	0	0	0	0	0	0	0	0	0	0	0
augustus_masked-NW_015504334.1-processed-gene-11.50-mRNA-1	10	0	0	0	1	0	2	0	1	0	1	6	5	1	0	0	0	0
augustus_masked-NW_015504334.1-processed-gene-13.0-mRNA-1	1810	2289	2509	2643	2489	3587	2007	3955	3628	2156	1701	2668	3640	3161	2955	1099	3792	1781
augustus_masked-NW_015504334.1-processed-gene-16.39-mRNA-1	0	0	0	2	1	0	1	2	0	5	0	1	8	1	9	0	2	0
augustus_masked-NW_015504334.1-processed-gene-16.43-mRNA-1	0	0	0	0	0	0	0	0	0	0	0	0	0	0	0	0	0	0
augustus_masked-NW_015504334.1-processed-gene-17.1-mRNA-1	558	549	713	665	682	798	575	683	485	612	448	768	664	591	725	402	763	528
augustus_masked-NW_015504334.1-processed-gene-17.4-mRNA-1	50	30	49	53	101	97	90	52	30	142	22	62	197	65	130	76	87	0
augustus_masked-NW_015504334.1-processed-gene-2.2-mRNA-1	939	1198	1325	1312	1271	1958	1073	1196	779	715	528	988	1419	855	1906	1143	1203	645
augustus_masked-NW_015504334.1-processed-gene-21.0-mRNA-1	0	0	0	0	0	0	6	0	0	0	0	1	0	0	0	0	0	0
augustus_masked-NW_015504334.1-processed-gene-21.1-mRNA-1	0	0	0	0	0	0	6	12	0	4	1	10	0	0	0	0	0	0
augustus_masked-NW_015504334.1-processed-gene-4.65-mRNA-1	655	781	854	792	640	1008	909	2271	916	1139	999	1353	923	1449	1378	937	1116	1312
augustus_masked-NW_015504334.1-processed-gene-5.27-mRNA-1	15	5	8	1	5	4	14	7	16	4	0	7	17	15	0	6	12	0
augustus_masked-NW_015504334.1-processed-gene-8.9-mRNA-1	47	24	27	118	82	120	70	76	52	107	37	84	144	194	206	85	172	152
maker-NW_015504334.1-augustus-gene-0.1-mRNA-1	0	0	1	0	2	1	4	0	7	0	6	0	5	2	10	0	8	5
maker-NW_015504334.1-augustus-gene-0.6-mRNA-1	212	298	311	391	331	431	320	363	238	386	259	413	514	483	716	478	550	421
maker-NW_015504334.1-augustus-gene-1.1-mRNA-1	52	28	87	48	31	72	14	234	74	42	37	57	76	160	66	15	29	30
maker-NW_015504334.1-augustus-gene-1.10-mRNA-1	1592	1476	1760	1512	1067	1472	1695	2963	1174	1320	1020	1691	1609	1964	1775	996	1668	1268
maker-NW_015504334.1-augustus-gene-1.5-mRNA-1	75	41	109	106	113	121	58	161	107	84	45	97	108	150	244	95	139	84
maker-NW_015504334.1-augustus-gene-10.37-mRNA-1	15	10	5	22	26	13	10	23	14	63	10	22	13	35	37	37	8	12
maker-NW_015504334.1-augustus-gene-10.43-mRNA-1	1171	1278	829	1482	1172	823	1226	3099	1118	2144	1401	2045	1772	2839	2442	1239	1195	1456
maker-NW_015504334.1-augustus-gene-10.5-mRNA-1	387	387	633	685	395	689	458	885	475	427	398	406	599	790	510	396	622	277
maker-NW_015504334.1-augustus-gene-11.12-mRNA-1	42	51	52	79	58	81	51	79	54	89	69	99	55	103	90	79	76	94
maker-NW_015504334.1-augustus-gene-11.17-mRNA-1	436	479	445	690	762	805	660	668	384	1185	444	748	959	1186	1236	728	833	1140
maker-NW_015504334.1-augustus-gene-11.31-mRNA-1	143	174	213	250	189	326	126	335	206	218	80	119	327	223	311	165	212	152
maker-NW_015504334.1-augustus-gene-11.32-mRNA-1	929	1125	1497	1116	1066	1842	1264	2865	1235	1156	962	1269	1469	1814	1890	910	1451	1352
maker-NW_015504334.1-augustus-gene-11.37-mRNA-1	2041	2363	2403	2637	2629	2969	2551	5215	2158	3239	2589	4937	3264	3294	3873	2808	2780	3309
maker-NW_015504334.1-augustus-gene-11.39-mRNA-1	222	231	271	161	122	133	329	299	367	187	215	375	256	181	240	108	300	61
maker-NW_015504334.1-augustus-gene-11.5-mRNA-1	111	85	70	208	133	138	96	159	104	150	71	272	250	164	223	116	173	86
maker-NW_015504334.1-augustus-gene-11.6-mRNA-1	47	26	24	70	68	65	35	65	49	49	30	96	61	63	55	16	69	24
maker-NW_015504334.1-augustus-gene-12.19-mRNA-1	1141	1067	1773	1510	1094	2065	1171	3161	1473	1142	1225	1670	1514	1505	1843	824	1530	758
maker-NW_015504334.1-augustus-gene-12.6-mRNA-1	2653	3429	2900	3264	2551	3183	3222	7049	3214	2997	2731	3400	4343	5555	3464	2026	3722	2220
maker-NW_015504334.1-augustus-gene-14.15-mRNA-1	3421	3856	3479	5998	5620	6423	4179	5201	2910	8055	2930	4433	6151	6330	8989	3321	5518	6541
maker-NW_015504334.1-augustus-gene-14.2-mRNA-1	1830	1064	1925	1932	1090	1567	1619	2747	1464	1629	1355	1731	1452	1860	2234	976	1470	1054
maker-NW_015504334.1-augustus-gene-15.0-mRNA-1	19	8	13	21	7	7	32	79	29	72	38	77	25	155	66	29	32	81
maker-NW_015504334.1-augustus-gene-16.0-mRNA-1	195	302	163	439	600	346	225	172	121	145	132	189	396	217	376	131	319	179
maker-NW_015504334.1-augustus-gene-16.10-mRNA-1	54	50	61	46	56	132	27	91	80	78	17	65	82	49	78	12	126	51
maker-NW_015504334.1-augustus-gene-16.14-mRNA-1	5	6	4	13	29	25	17	16	15	11	3	7	16	13	34	0	31	44
maker-NW_015504334.1-augustus-gene-16.23-mRNA-1	27	20	37	29	79	54	17	20	9	46	5	19	45	17	117	30	35	19
maker-NW_015504334.1-augustus-gene-16.24-mRNA-1	184	186	221	351	350	482	244	167	98	346	143	228	426	293	467	186	408	295
maker-NW_015504334.1-augustus-gene-16.36-mRNA-1	1	4	7	3	23	19	0	3	6	3	4	5	6	2	4	4	8	0
maker-NW_015504334.1-augustus-gene-16.5-mRNA-1	4	1	1	2	18	13	1	10	2	0	2	13	12	4	11	2	17	0
maker-NW_015504334.1-augustus-gene-17.22-mRNA-1	253	362	293	492	348	255	421	408	219	683	258	449	576	680	586	274	423	514
maker-NW_015504334.1-augustus-gene-17.32-mRNA-1	131	216	201	197	181	191	313	302	125	168	138	170	231	212	151	149	160	120
maker-NW_015504334.1-augustus-gene-17.35-mRNA-1	1	0	0	1	0	8	4	0	0	0	0	1	0	4	0	0	0	0
maker-NW_015504334.1-augustus-gene-18.2-mRNA-1	0	0	0	0	0	0	0	0	0	0	0	0	0	0	0	0	0	0
maker-NW_015504334.1-augustus-gene-18.3-mRNA-1	0	0	0	0	0	0	0	0	0	0	0	0	0	0	0	0	0	0
maker-NW_015504334.1-augustus-gene-2.29-mRNA-1	3277	3615	5808	3687	3539	6309	3138	7958	4510	3442	2071	3394	4034	4491	5777	1484	5040	2148
maker-NW_015504334.1-augustus-gene-2.7-mRNA-1	343	509	486	677	772	642	370	664	483	502	291	755	630	708	798	338	846	585
maker-NW_015504334.1-augustus-gene-2.8-mRNA-1	215	285	243	315	299	286	198	343	220	323	168	487	328	384	487	204	386	390
maker-NW_015504334.1-augustus-gene-20.0-mRNA-1	239	443	399	473	320	514	334	477	310	367	185	549	459	520	460	165	422	241
maker-NW_015504334.1-augustus-gene-22.2-mRNA-1	75	77	107	0	0	0	108	230	124	306	176	187	0	0	1	14	0	0
maker-NW_015504334.1-augustus-gene-22.6-mRNA-1	107	200	223	4	0	3	310	480	165	699	303	386	5	1	0	0	3	0
maker-NW_015504334.1-augustus-gene-3.1-mRNA-1	342	361	390	416	336	460	620	958	417	471	289	463	649	1129	329	247	581	377
maker-NW_015504334.1-augustus-gene-3.14-mRNA-1	121	127	62	133	42	55	121	291	90	86	67	152	169	159	85	57	146	85
maker-NW_015504334.1-augustus-gene-4.13-mRNA-1	145	243	187	243	256	331	202	272	147	246	153	188	346	232	291	127	221	280
maker-NW_015504334.1-augustus-gene-4.16-mRNA-1	8098	9657	13462	9604	9279	14146	9374	25816	11961	16937	11526	16752	15629	19959	19363	9715	14522	10141
maker-NW_015504334.1-augustus-gene-4.2-mRNA-1	533	630	690	994	711	885	489	821	390	486	245	519	543	755	761	203	773	359
maker-NW_015504334.1-augustus-gene-4.26-mRNA-1	15	18	18	61	14	44	29	58	41	19	34	34	13	54	44	10	53	21
maker-NW_015504334.1-augustus-gene-4.31-mRNA-1	914	925	914	1069	886	983	997	1710	678	952	870	1253	1530	1327	1534	1256	1072	1050
maker-NW_015504334.1-augustus-gene-4.36-mRNA-1	886	936	1106	1273	942	1334	951	1743	713	1035	715	850	1131	1468	1888	993	1259	1226
maker-NW_015504334.1-augustus-gene-4.47-mRNA-1	543	588	612	634	636	658	638	967	647	570	348	451	773	698	889	321	929	607
maker-NW_015504334.1-augustus-gene-4.51-mRNA-1	1167	1480	1983	1201	1064	1614	1729	4086	1640	1546	1488	2396	1573	2213	1917	1220	1861	1468
maker-NW_015504334.1-augustus-gene-4.57-mRNA-1	189	160	246	146	134	192	174	532	198	203	227	310	189	194	294	141	222	94
maker-NW_015504334.1-augustus-gene-5.12-mRNA-1	1851	2373	1840	2068	1806	1336	2381	3906	1789	1489	1846	1617	2757	2187	1650	1007	1773	947
maker-NW_015504334.1-augustus-gene-5.21-mRNA-1	1504	1475	2376	1901	1511	2239	2500	4556	2891	4830	2659	3646	3031	5829	3580	2480	3391	2241
maker-NW_015504334.1-augustus-gene-6.11-mRNA-1	6	16	3	4	5	6	3	9	7	24	16	37	56	52	4	10	5	27
maker-NW_015504334.1-augustus-gene-6.3-mRNA-1	0	0	0	0	0	0	0	0	0	0	0	0	0	0	0	0	0	0
maker-NW_015504334.1-augustus-gene-6.4-mRNA-1	237	360	132	205	326	139	354	540	270	242	198	365	517	324	401	192	285	231
maker-NW_015504334.1-augustus-gene-6.6-mRNA-1	21233	24667	25665	20405	17918	24505	21731	40180	24054	13931	16008	24054	24902	19368	19649	13616	25091	12105
maker-NW_015504334.1-augustus-gene-8.8-mRNA-1	39	66	69	118	91	119	72	78	33	115	44	87	129	101	185	57	154	98
maker-NW_015504334.1-augustus-gene-9.1-mRNA-1	1491	1333	1436	2011	1407	1884	1854	4872	1702	2316	2314	4238	2554	2909	2798	2041	1520	2216
__no_feature	66155	77944	96591	75961	68839	102417	84652	142543	84879	74921	63002	69220	95972	82625	82475	42387	83239	39286
__ambiguous	366	494	514	465	441	588	509	1063	564	674	553	764	577	910	835	480	575	398
__too_low_aQual	0	0	0	0	0	0	0	0	0	0	0	0	0	0	0	0	0	0
__not_aligned	0	0	0	0	0	0	0	0	0	0	0	0	0	0	0	0	0	0
__alignment_not_unique	1608	1698	2227	2454	2092	6545	4317	3759	2101	2926	1610	2768	3251	2901	3761	1373	3073	2038
